name: sp2024-gpt
channels:
  - conda-forge
  - defaults
dependencies:
  - asttokens=3.0.0=pyhd8ed1ab_1
  - bzip2=1.0.8=h2466b09_7
  - ca-certificates=2025.1.31=h56e8100_0
  - colorama=0.4.6=pyhd8ed1ab_1
  - comm=0.2.2=pyhd8ed1ab_1
  - cpython=3.11.11=py311hd8ed1ab_2
  - debugpy=1.8.13=py311hda3d55a_0
  - decorator=5.2.1=pyhd8ed1ab_0
  - exceptiongroup=1.2.2=pyhd8ed1ab_1
  - executing=2.1.0=pyhd8ed1ab_1
  - importlib-metadata=8.6.1=pyha770c72_0
  - ipykernel=6.29.5=pyh4bbf305_0
  - ipython=9.0.0=pyhca29cf9_1
  - ipython_pygments_lexers=1.1.1=pyhd8ed1ab_0
  - jedi=0.19.2=pyhd8ed1ab_1
  - jupyter_client=8.6.3=pyhd8ed1ab_1
  - jupyter_core=5.7.2=pyh5737063_1
  - krb5=1.21.3=hdf4eb48_0
  - libexpat=2.6.4=he0c23c2_0
  - libffi=3.4.2=h8ffe710_5
  - liblzma=5.6.4=h2466b09_0
  - libsodium=1.0.20=hc70643c_0
  - libsqlite=3.48.0=h67fdade_1
  - libzlib=1.3.1=h2466b09_2
  - matplotlib-inline=0.1.7=pyhd8ed1ab_1
  - nest-asyncio=1.6.0=pyhd8ed1ab_1
  - openssl=3.4.1=ha4e3fda_0
  - packaging=24.2=pyhd8ed1ab_2
  - parso=0.8.4=pyhd8ed1ab_1
  - pickleshare=0.7.5=pyhd8ed1ab_1004
  - pip=25.0=pyh8b19718_0
  - platformdirs=4.3.6=pyhd8ed1ab_1
  - prompt-toolkit=3.0.50=pyha770c72_0
  - psutil=7.0.0=py311he736701_0
  - pure_eval=0.2.3=pyhd8ed1ab_1
  - pygments=2.19.1=pyhd8ed1ab_0
  - python=3.11.11=h3f84c4b_1_cpython
  - python-dateutil=2.9.0.post0=pyhff2d567_1
  - python_abi=3.11=5_cp311
  - pywin32=307=py311hda3d55a_3
  - pyzmq=26.2.1=py311h484c95c_0
  - setuptools=75.8.0=pyhff2d567_0
  - six=1.17.0=pyhd8ed1ab_0
  - stack_data=0.6.3=pyhd8ed1ab_1
  - tk=8.6.13=h5226925_1
  - tornado=6.4.2=py311he736701_0
  - traitlets=5.14.3=pyhd8ed1ab_1
  - typing_extensions=4.12.2=pyha770c72_1
  - ucrt=10.0.22621.0=h57928b3_1
  - vc=14.3=h5fd82a7_24
  - vc14_runtime=14.42.34433=h6356254_24
  - vs2015_runtime=14.42.34433=hfef2bbc_24
  - wcwidth=0.2.13=pyhd8ed1ab_1
  - wheel=0.45.1=pyhd8ed1ab_1
  - zeromq=4.3.5=ha9f60a1_7
  - zipp=3.21.0=pyhd8ed1ab_1
  - pip:
      - causal-learn==0.1.4.0
      - certifi==2025.1.31
      - charset-normalizer==3.4.1
      - clarabel==0.10.0
      - contourpy==1.3.1
      - cvxpy==1.6.2
      - cycler==0.12.1
      - cython==0.29.37
      - dowhy==0.12
      - fonttools==4.56.0
      - idna==3.10
      - joblib==1.4.2
      - kiwisolver==1.4.8
      - llvmlite==0.44.0
      - matplotlib==3.10.1
      - momentchi2==0.1.8
      - mpmath==1.3.0
      - networkx==3.4.2
      - numba==0.61.0
      - numpy==2.1.3
      - osqp==0.6.7.post3
      - pandas==2.2.3
      - patsy==1.0.1
      - pillow==11.1.0
      - pydot==3.0.4
      - pyparsing==3.2.1
      - python-graphviz==0.20.3
      - pytz==2025.1
      - qdldl==0.1.7.post5
      - requests==2.32.3
      - scikit-learn==1.6.1
      - scipy==1.15.2
      - scs==3.2.7.post2
      - statsmodels==0.14.4
      - sympy==1.13.3
      - tenacity==9.0.0
      - threadpoolctl==3.5.0
      - tqdm==4.67.1
      - typing==3.7.4.3
      - tzdata==2025.1
      - urllib3==2.3.0
